Найти: 
 - вектор кинематических величин в узлах расчетной схемы; 
 - усилия в элементах. 
См. глава 21, задача на стр. 280, параграф 21.3  рисунок 21.5
 ./docs/L.J.Segerlind. Applied Finite Element Analysis (2ed., Jonn Wiley Fnd Sons, 1984)(L)(T)(222s).pdf
 (дополнительно: E.Onate Structural Analysis with the Finite Element Method) 

ie=0; L=400.000000;
matrixTransformation
 0.7         0.7         0.0         0.0         0.0         0.0        
-0.7         0.7         0.0         0.0         0.0         0.0
 0.0         0.0         1.0         0.0         0.0         0.0        
 0.0         0.0         0.0         0.7         0.7         0.0
 0.0         0.0         0.0        -0.7         0.7         0.0
 0.0         0.0         0.0         0.0         0.0         1.0        

localStiffness [K] (in local basis)
 1500000.0   0.0         0.0        -1500000.0   0.0         0.0        
 0.0         1500.0      300000.0    0.0        -1500.0      300000.0
 0.0         300000.0    80000000.0  0.0        -300000.0    40000000.0
-1500000.0   0.0         0.0         1500000.0   0.0         0.0        
 0.0        -1500.0     -300000.0    0.0         1500.0     -300000.0
 0.0         300000.0    40000000.0  0.0        -300000.0    80000000.0 

localStiffness [T]*[K][T] (in global basis)
 750750.0    749250.0   -212132.0   -750750.0   -749250.0   -212132.0
 749250.0    750750.0    212132.0   -749250.0   -750750.0    212132.0   
-212132.0    212132.0    80000000.0  212132.0   -212132.0    40000000.0
-750750.0   -749250.0    212132.0    750750.0    749250.0    212132.0   
-749250.0   -750750.0   -212132.0    749250.0    750750.0   -212132.0
-212132.0    212132.0    40000000.0  212132.0   -212132.0    80000000.0

ie=1; L=400.000000;
matrixTransformation
 1.0         0.0         0.0         0.0         0.0         0.0
 -0.0        1.0         0.0         0.0         0.0         0.0
 0.0         0.0         1.0         0.0         0.0         0.0        
 0.0         0.0         0.0         1.0         0.0         0.0
 0.0         0.0         0.0         -0.0        1.0         0.0        
 0.0         0.0         0.0         0.0         0.0         1.0

localStiffness [K] (in local basis)
 1500000.0   0.0         0.0        -1500000.0   0.0         0.0        
 0.0         1500.0      300000.0    0.0        -1500.0      300000.0
 0.0         300000.0    80000000.0  0.0        -300000.0    40000000.0 
-1500000.0   0.0         0.0         1500000.0   0.0         0.0
 0.0        -1500.0     -300000.0    0.0         1500.0     -300000.0   
 0.0         300000.0    40000000.0  0.0        -300000.0    80000000.0

localStiffness [T]*[K][T] (in global basis)
 1500000.0   0.0         0.0        -1500000.0   0.0         0.0        
 0.0         1500.0      300000.0    0.0        -1500.0      300000.0
 0.0         300000.0    80000000.0  0.0        -300000.0    40000000.0 
-1500000.0   0.0         0.0         1500000.0   0.0         0.0
 0.0        -1500.0     -300000.0    0.0         1500.0     -300000.0   
 0.0         300000.0    40000000.0  0.0        -300000.0    80000000.0

global stiffness K=
matrix 9x9
 750750.0    749250.0   -212132.0   -750750.0   -749250.0   -212132.0    0           0           0          | 0.000
 749250.0    750750.0    212132.0   -749250.0   -750750.0    212132.0    0           0           0          | 0.000
-212132.0    212132.0    80000000.0  212132.0   -212132.0    40000000.0  0           0           0          | 0.000
-750750.0   -749250.0    212132.0    2250750.0   749250.0    212132.0   -1500000.0   0           0          | 0.000
-749250.0   -750750.0   -212132.0    749250.0    752250.0    87868.0     0          -1500.0      300000.0   |-100000.000    
-212132.0    212132.0    40000000.0  212132.0    87868.0     160000000.0 0          -300000.0    40000000.0 | 25000.000     
 0           0           0          -1500000.0   0           0           1500000.0   0           0          | 0.000
 0           0           0           0          -1500.0     -300000.0    0           1500.0     -300000.0   | 0.000         
 0           0           0           0           300000.0    40000000.0  0          -300000.0    80000000.0 | 0.000


Kinematic boundary condition is applied

global stiffness K with kinematic
matrix 9x9
 750750.0    0           0           0           0           0           0           0           0          | 0.000
 0           750750.0    0           0           0           0           0           0           0          | 0.000
 0           0           80000000.0  0           0           0           0           0           0          | 0.000
 0           0           0           2250750.0   749250.0    212132.0    0           0           0          | 0.000
 0           0           0           749250.0    752250.0    87868.0     0           0           0          |-100000.000
 0           0           0           212132.0    87868.0     160000000.0 0           0           0          | 25000.000
 0           0           0           0           0           0           1500000.0   0           0          | 0.000
 0           0           0           0           0           0           0           1500.0      0          | 0.000
 0           0           0           0           0           0           0           0           80000000.0 | 0.000

matrix 5x5
 55.0       -46.0        4.0         0           0          | 500.000
-46.0        140.0      -46.0        0           0          | 2000.000      
 4.0        -46.0        110.0      -46.0        4.0        | 1000.000
 0           0          -46.0        142.0      -46.0       | 2000.000      
 0           0           4.0        -46.0        65.0       | 900.000


Kinematic boundary condition is applyed

matrix 5x5
 55.0        0           0           0           0          | 8250.000      
 0           140.0      -46.0        0           0          | 8900.000
 0          -46.0        110.0      -46.0        0          | 240.000       
 0           0          -46.0        142.0       0          | 3840.000
 0           0           0           0           65.0       | 2600.000      

Kinematic test ok

nz=9 I[5] J[9] val[9]
I         J         val
0         0          1.000         
2         1          4.000
4         1          2.000
7         2          3.000
9         0          5.000
          3          7.000
          4          8.000
          2          9.000
          4          6.000



nz=15 I[10] J[15] val[15]
I         J         val
0         0          750750.000
1         1          750750.000
2         2          80000000.000  
3         3          2250750.000
6         4          749250.000
9         5          212132.034
12        3          749250.000
13        4          752250.000    
14        5          87867.966
15        3          212132.034
          4          87867.966
          5          160000000.000
          6          1500000.000   
          7          1500.000
          8          80000000.000


iteration =   1, residual = 3.824969e+05, r1/r0 = 1.376978e+01 
iteration =   2, residual = 9.914447e+04, r1/r0 = 6.718638e-02
iteration =   3, residual = 1.090622e-08, r1/r0 = 1.210072e-26
iteration =   4, residual = 2.927349e-11, r1/r0 = 7.204450e-06 

total time for CG without preconditioning is 0.034000

Test Summary:  Error amount = 2.881047e-11
kinematic result vector

i      x0        x1        u0             u1             u2
0      0.000     0.000     0.00000e+00    0.00000e+00    0.00000e+00
1      282.843   282.843   6.61880e-02   -1.98879e-01    1.77716e-04   
2      682.843   282.843   0.00000e+00    0.00000e+00    0.00000e+00

axial forces by element
ie=0;
P      x0        x1        f0             f1             f2
0      0.000     0.000    -1.40740e+05    3.34461e+02   -6.33379e+04   
1      282.843   282.843  -1.40740e+05    3.34461e+02    7.04465e+04

ie=1;
P      x0        x1        f0             f1             f2
1      282.843   282.843  -9.92820e+04   -2.45004e+02    4.54465e+04
2      682.843   282.843  -9.92820e+04   -2.45004e+02   -5.25552e+04  

Индивидуальные задания:
a) E = 20e+6 N/cm2, F = 100e+3 N, M = 25e+3 Ncm, A = 30 cm2, I = 400 cm4
b) 				    F = 150e+3 N, M = 30e+3 Ncm, A = 40 cm2, I = 500 cm4	
node - 1        elem - 1
   0,   0,		0,2,
 900,   0,		2,3,
   0, 600,		3,4,
 300, 600,      4,5,
 600, 600,      5,1
 900, 600,
 
node - 2        elem - 2
   0,   0,		0,1,
 300,   0,		1,2,
 300, 300,		2,3,
 600, 300,      3,4,
 600, 600,      4,5
 900, 600,
 
node - 3        elem - 3
   0,   0,		0,1,
 600, 300,      1,2,
 900, 300,      2,3
 900, 600
 
node - 4        elem - 4
   0,   0,		0,1,
 300,   0,      1,4,
 300,-300,      4,5,
 600,-300,      5,2,
 600,   0,      2,3
 900,   0
 
node - 5        elem - 5
   0,   0,		0,2,
-300, 600,      1,2,
   0, 600,      2,3
 300, 600 

node - 6        elem - 6 
   0,   0,      0,1,
   0, 300,      1,2,
 300, 300,      2,4,
 300, 600,      4,3,
   0, 600,      3,5
   0, 900
