 См. глава 19, задача на стр. 250, параграф 19.3  
 ./docs/L.J.Segerlind. Applied Finite Element Analysis (2ed., Jonn Wiley Fnd Sons, 1984)(L)(T)(222s).pdf 
 Выполнить реализацию вариационной постановки задачи о сжатии/растяжении стержня на плоскости. 

 0.0         0.0         0.0         0.0         0.0         0.0        
 0.0         0.0         0.0         0.0         0.0         0.0        
 0.0         0.0         0.0         0.0         0.0         0.0        
 0.0         0.0         0.0         0.0         0.0         0.0
 0.0         0.0         0.0         0.0         0.0         0.0        
 0.0         0.0         0.0         0.0         0.0         0.0

ie=0

L=1135.781667; ri=(-0.792406, -0.609994)

gij=
 0.628       0.483
 0.483       0.372      

Kpq=
 176090.2   -176090.2
-176090.2    176090.2

K^ij_pq=
 110568.3    85115.5    -110568.3   -85115.5
 85115.5     65521.9    -85115.5    -65521.9    
-110568.3   -85115.5     110568.3    85115.5
-85115.5    -65521.9     85115.5     65521.9

ie=1

L=500.000000; ri=(1.000000, 0.000000)

gij=
 1.000       0.000
 0.000       0.000

Kpq=
 800000.0   -800000.0
-800000.0    800000.0

K^ij_pq=
 800000.0    0.0        -800000.0    0.0        
 0.0         0.0         0.0         0.0
-800000.0    0.0         800000.0    0.0
 0.0         0.0         0.0         0.0

ie=2

L=799.999997; ri=(0.500000, 0.866025)

gij=
 0.250       0.433
 0.433       0.750

Kpq=
 500000.0   -500000.0
-500000.0    500000.0

K^ij_pq=
 125000.0    216506.4   -125000.0   -216506.4
 216506.4    375000.0   -216506.4   -375000.0
-125000.0   -216506.4    125000.0    216506.4
-216506.4   -375000.0    216506.4    375000.0   

matrix 6x6
 910568.3    85115.5    -800000.0    0          -110568.3   -85115.5    | 0.000
 85115.5     65521.9     0           0          -85115.5    -65521.9    | 0.000
-800000.0    0           925000.0    216506.4   -125000.0   -216506.4   | 11000.000     
 0           0           216506.4    375000.0   -216506.4   -375000.0   | 0.000
-110568.3   -85115.5    -125000.0   -216506.4    235568.3    301621.8   | 19716.464     
-85115.5    -65521.9    -216506.4   -375000.0    301621.8    440521.9   |-74237.504


Kinematic boundary condition is applyed

matrix 6x6
 910568.3    0           0           0           0           0          | 0.000
 0           65521.9     0           0           0           0          | 0.000         
 0           0           925000.0    0          -125000.0   -216506.4   | 11000.000
 0           0           0           375000.0    0           0          | 0.000
 0           0          -125000.0    0           235568.3    301621.8   | 19716.464
 0           0          -216506.4    0           301621.8    440521.9   |-74237.504     

matrix 5x5
 55.0       -46.0        4.0         0           0          | 500.000
-46.0        140.0      -46.0        0           0          | 2000.000      
 4.0        -46.0        110.0      -46.0        4.0        | 1000.000
 0           0          -46.0        142.0      -46.0       | 2000.000      
 0           0           4.0        -46.0        65.0       | 900.000


Kinematic boundary condition is applyed

matrix 5x5
 55.0        0           0           0           0          | 8250.000
 0           140.0      -46.0        0           0          | 8900.000      
 0          -46.0        110.0      -46.0        0          | 240.000
 0           0          -46.0        142.0       0          | 3840.000
 0           0           0           0           65.0       | 2600.000      


Kinematic test ok

nz=9 I[5] J[9] val[9]
I         J         val
0         0          1.000
2         1          4.000
4         1          2.000
7         2          3.000
9         0          5.000         
          3          7.000
          4          8.000
          2          9.000
          4          6.000



nz=12 I[7] J[12] val[12]
I         J         val
0         0          910568.254
1         1          65521.928
2         2          925000.001    
5         4         -125000.001
6         5         -216506.352
9         3          375000.000
12        2         -125000.001
          4          235568.255    
          5          301621.833
          2         -216506.352
          4          301621.833
          5          440521.928    


iteration =   1, residual = 9.680238e+04, r1/r0 = 1.556350e+00
iteration =   2, residual = 1.451522e+05, r1/r0 = 2.248408e+00
iteration =   3, residual = 1.491128e-10, r1/r0 = 1.055316e-30 
iteration =   4, residual = 3.257769e-11, r1/r0 = 4.773214e-02

total time for CG without preconditioning is 0.018000

Test Summary:  Error amount = 3.240232e-11

i      x0        x1        u0             u1
0      0.000     0.000     0.00000e+00    0.00000e+00   
1      500.000   0.000    -1.02404e-01    0.00000e+00
2      900.000   692.820   2.51035e+00   -1.93767e+00


ie     axial force
0      131148.771
1     -103923.049
2     -207846.097